0
0.05
0.099875
0.1495
0.198752
0.247507
0.295642
0.343039
0.389578
0.435144
0.479621
0.5229
0.564871
0.60543
0.644475
0.681909
0.717638
0.751574
0.78363
0.813727
0.84179
0.867749
0.891538
0.913098
0.932376
0.949322
0.963896
0.976059
0.985783
0.993042
0.997818
1.0001
0.999881
0.997163
0.991952
0.984261
0.974109
0.961523
0.946532
0.929175
0.909495
0.887541
0.863369
0.837038
0.808614
0.778169
0.745779
0.711524
0.67549
0.637767
0.59845
0.557637
0.51543
0.471935
0.427259
0.381515
0.334818
0.287283
0.239031
0.19018
0.140855
0.0911767
0.0412708
-0.00873818
-0.0587254
-0.108566
-0.158135
-0.207308
-0.255964
-0.303979
-0.351234
-0.397612
-0.442995
-0.487271
-0.530329
-0.572061
-0.612362
-0.651133
-0.688276
-0.723699
-0.757312
-0.789031
-0.818779
-0.846479
-0.872063
-0.895467
-0.916632
-0.935506
-0.95204
-0.966195
-0.977935
-0.987229
-0.994055
-0.998397
-1.00024
-0.999586
-0.996432
-0.990787
-0.982664
-0.972085
-0.959076
-0.943669
-0.925903
-0.905822
-0.883477
-0.858923
-0.832221
-0.803439
-0.772649
-0.739927
-0.705355
-0.669019
-0.631011
-0.591426
-0.550362
-0.507922
-0.464212
-0.419342
-0.373423
-0.326571
-0.278902
-0.230536
-0.181594
-0.132198
-0.0824714
-0.0325385
0.0174757
0.0674462
0.117248
0.166757
0.215849
0.264401
0.312292
0.359403
0.405615
0.450813
0.494884
0.537718
0.579207
0.619249
0.657742
0.694591
0.729703
0.762992
0.794372
0.823767
0.851103
0.87631
0.899327
0.920096
0.938564
0.954686
0.968421
0.979735
0.9886
0.994993
0.998899
1.00031
0.999215
0.995625
0.989546
0.980993
0.969987
0.956556
0.940734
0.922561
0.90208
0.879345
0.854411
0.827341
0.798203
0.767069
0.734018
0.699132
0.662497
0.624207
0.584356
0.543044
0.500374
0.456454
0.411392
0.365302
0.318299
0.2705
0.222025
0.172994
0.123531
0.0737598
0.0238037
-0.0262119
-0.076162
-0.125922
-0.175366
-0.224373
-0.272818
-0.320582
-0.367544
-0.413587
-0.458596
-0.502459
-0.545065
-0.586309
-0.626087
-0.6643
-0.700852
-0.735652
-0.768613
-0.799653
-0.828693
-0.855661
-0.880491
-0.903119
-0.923489
-0.941551
-0.957258
-0.970573
-0.981461
-0.989896
-0.995855
-0.999325
-1.0003
-0.998768
-0.994742
-0.98823
-0.979246
-0.967815
-0.953964
-0.937728
-0.919148
-0.89827
-0.875146
-0.849834
-0.822398
-0.792906
-0.761432
-0.728053
-0.692855
-0.655925
-0.617355
-0.577241
-0.535685
-0.492789
-0.448661
-0.403412
-0.357154
-0.310003
-0.262077
-0.213496
-0.164381
-0.114855
-0.0650426
-0.0150671
0.0349461
0.0848719
0.134585
0.183963
0.23288
0.281215
0.328847
0.375657
0.421528
0.466345
0.509996
0.552372
0.593367
0.632879
0.670808
0.707061
0.741545
0.774176
0.804872
0.833555
0.860155
0.884604
0.906842
0.926812
0.944466
0.959758
0.972651
0.983112
0.991116
0.996641
0.999675
1.00021
0.998245
0.993783
0.986838
0.977425
0.965569
0.951298
0.93465
0.915665
0.89439
0.87088
0.845193
0.817392
0.787548
0.755736
0.722033
0.686526
0.649303
0.610456
0.570083
0.528285
0.485166
0.440834
0.3954
0.348978
0.301683
0.253634
0.204951
0.155756
0.106171
0.0563204
0.00632933
-0.0436776
-0.0935753
-0.143239
-0.192545
-0.241369
-0.28959
-0.337087
-0.383741
-0.429436
-0.474057
-0.517493
-0.559636
-0.600379
-0.639621
-0.677265
-0.713215
-0.747382
-0.779681
-0.81003
-0.838354
-0.864583
-0.88865
-0.910495
-0.930064
-0.947308
-0.962184
-0.974654
-0.984688
-0.99226
-0.997351
-0.999949
-1.00005
-0.997645
-0.992749
-0.985371
-0.975529
-0.963249
-0.94856
-0.9315
-0.912112
-0.890443
-0.866548
-0.840487
-0.812324
-0.782131
-0.749982
-0.715958
-0.680145
-0.642631
-0.60351
-0.562881
-0.520844
-0.477506
-0.432973
-0.387359
-0.340775
-0.29334
-0.245172
-0.19639
-0.147118
-0.0974778
-0.0475939
0.00240892
0.0524058
0.102272
0.151882
0.201112
0.24984
0.297943
0.345301
0.391796
0.437312
0.481734
0.524952
0.566857
0.607345
0.646315
0.68367
0.719315
0.753161
0.785125
0.815126
0.843089
0.868945
0.892628
0.914079
0.933246
0.950079
0.964537
0.976584
0.986189
0.993329
0.997985
1.00015
0.999808
0.996969
0.991638
0.983828
0.973559
0.960855
0.94575
0.92828
0.908489
0.886428
0.86215
0.835716
0.807194
0.776653
0.744171
0.709828
0.673711
0.63591
0.596518
0.555636
0.513364
0.469809
0.42508
0.379287
0.332547
0.284975
0.236691
0.187815
0.138469
0.0887775
0.0388638
-0.011147
-0.06113
-0.11096
-0.160513
-0.209664
-0.258292
-0.306273
-0.353489
-0.399821
-0.445154
-0.489374
-0.53237
-0.574035
-0.614265
-0.65296
-0.690022
-0.725359
-0.758883
-0.79051
-0.82016
-0.84776
-0.87324
-0.896538
-0.917594
-0.936356
-0.952777
-0.966816
-0.978438
-0.987614
-0.994321
-0.998543
-1.00027
-0.999492
-0.996217
-0.990452
-0.982211
-0.971514
-0.958389
-0.942867
-0.924989
-0.904798
-0.882344
-0.857685
-0.830882
-0.802002
-0.771117
-0.738303
-0.703644
-0.667226
-0.62914
-0.589481
-0.548349
-0.505845
-0.462077
-0.417154
-0.371187
-0.324293
-0.276588
-0.228192
-0.179225
-0.12981
-0.0800704
-0.0301308
0.0198842
0.0698495
0.11964
0.169132
0.2182
0.266724
0.31458
0.36165
0.407816
0.452962
0.496976
0.539747
0.581169
0.621139
0.659555
0.696322
0.731349
0.764547
0.795834
0.825131
0.852366
0.877469
0.900379
0.921038
0.939394
0.955402
0.969022
0.980218
0.988965
0.995238
0.999024
1.00031
0.9991
0.995389
0.989191
0.980519
0.969396
0.955849
0.939913
0.921627
0.901037
0.878194
0.853156
0.825985
0.796749
0.765521
0.732379
0.697407
0.660691
0.622323
0.582399
0.541019
0.498287
0.454309
0.409195
0.363059
0.316014
0.26818
0.219675
0.170621
0.121141
0.0713572
0.0213954
-0.0286199
-0.0785637
-0.128311
-0.177738
-0.22672
-0.275135
-0.322863
-0.369783
-0.415779
-0.460736
-0.50454
-0.547084
-0.588259
-0.627964
-0.666099
-0.702569
-0.737283
-0.770153
-0.801098
-0.83004
-0.856907
-0.881631
-0.904152
-0.924412
-0.942361
-0.957955
-0.971153
-0.981924
-0.990239
-0.99608
-0.999429
-1.00028
-0.998631
-0.994486
-0.987853
-0.978752
-0.967203
-0.953236
-0.936887
-0.918195
-0.897207
-0.873977
-0.848561
-0.821024
-0.791435
-0.759867
-0.726399
-0.691116
-0.654104
-0.615458
-0.575272
-0.533649
-0.490691
-0.446507
-0.401206
-0.354903
-0.307712
-0.259752
-0.211142
-0.162005
-0.112462
-0.0626386
-0.0126584
0.0373534
0.0872719
0.136972
0.18633
0.235222
0.283526
0.331121
0.377888
0.423711
0.468474
0.512066
0.554378
0.595304
0.634742
0.672593
0.708763
0.74316
0.7757
0.8063
0.834885
0.861382
0.885726
0.907856
0.927716
0.945256
0.960434
0.973211
0.983554
0.991439
0.996845
0.999758
1.00017
0.998087
0.993506
0.986441
0.97691
0.964936
0.950551
0.933789
0.914692
0.893309
0.869693
0.843902
0.816001
0.786061
0.754155
0.720364
0.684772
0.647468
0.608546
0.568102
0.526238
0.483058
0.43867
0.393186
0.346719
0.299385
0.251303
0.202593
0.153376
0.103775
0.0539151
0.00392043
-0.0460841
-0.0959734
-0.145623
-0.194908
-0.243706
-0.291895
-0.339354
-0.385965
-0.43161
-0.476177
-0.519553
-0.561631
-0.602304
-0.641472
-0.679036
-0.714902
-0.748981
-0.781187
-0.811441
-0.839666
-0.865792
-0.889753
-0.91149
-0.930948
-0.948079
-0.96284
-0.975194
-0.985109
-0.992562
-0.997534
-1.00001
-0.999989
-0.997466
-0.99245
-0.984953
-0.974993
-0.962596
-0.947793
-0.93062
-0.91112
-0.889343
-0.865342
-0.839178
-0.810916
-0.780627
-0.748386
-0.714274
-0.678376
-0.640783
-0.601587
-0.560888
-0.518786
-0.475388
-0.430801
-0.385137
-0.33851
-0.291036
-0.242836
-0.194028
-0.144735
-0.0950801
-0.0451876
0.00481783
0.0548112
0.104668
0.154262
0.203471
0.252172
0.300242
0.347561
0.394011
0.439477
0.483844
0.527001
0.56884
0.609258
0.648152
0.685426
0.720986
0.754744
0.786615
0.81652
0.844383
0.870136
0.893713
0.915055
0.93411
0.95083
0.965173
0.977102
0.986589
0.99361
0.998146
1.00019
0.999728
0.996769
0.991319
0.98339
0.973003
0.960183
0.944962
0.92738
0.907479
0.885309
0.860926
0.83439
0.805769
0.775133
0.742559
0.708129
0.671929
0.634048
0.594583
0.553631
0.511295
0.467681
0.422898
0.377057
0.330274
0.282665
0.23435
0.185448
0.136083
0.0863778
0.0364566
-0.0135557
-0.0635342
-0.113354
-0.16289
-0.212019
-0.260618
-0.308565
-0.355741
-0.402028
-0.44731
-0.491473
-0.534408
-0.576006
-0.616165
-0.654783
-0.691764
-0.727016
-0.76045
-0.791984
-0.821537
-0.849036
-0.874413
-0.897604
-0.91855
-0.937201
-0.953508
-0.967432
-0.978937
-0.987994
-0.994582
-0.998683
-1.00029
-0.999391
-0.995997
-0.990112
-0.981752
-0.970938
-0.957696
-0.94206
-0.924069
-0.903768
-0.881207
-0.856443
-0.829539
-0.80056
-0.76958
-0.736676
-0.70193
-0.66543
-0.627266
-0.587533
-0.546332
-0.503765
-0.459939
-0.414963
-0.368949
-0.322013
-0.274272
-0.225846
-0.176854
-0.127421
-0.077669
-0.0277229
0.0222926
0.0722523
0.122031
0.171505
0.220551
0.269045
0.316866
0.363895
0.410014
0.455109
0.499065
0.541774
0.583128
0.623025
0.661364
0.69805
0.73299
0.766098
0.797291
0.826491
0.853624
0.878623
0.901426
0.921975
0.94022
0.956113
0.969617
0.980696
0.989324
0.995478
0.999144
1.00031
0.998978
0.995148
0.988829
0.980039
0.968799
0.955136
0.939086
0.920688
0.899988
0.877038
0.851896
0.824624
0.79529
0.763968
0.730736
0.695678
0.65888
0.620435
0.580439
0.538992
0.496197
0.452162
0.406996
0.360813
0.313728
0.265859
0.217324
0.168247
0.118749
0.0689542
0.018987
-0.0310278
-0.0809649
-0.1307
-0.180108
-0.229065
-0.27745
-0.325142
-0.37202
-0.417969
-0.462873
-0.506619
-0.549099
-0.590206
-0.629838
-0.667895
-0.704282
-0.738909
-0.771688
-0.802538
-0.831382
-0.858147
-0.882767
-0.90518
-0.92533
-0.943167
-0.958646
-0.971728
-0.982381
-0.990578
-0.996298
-0.999528
-1.00026
-0.998489
-0.994223
-0.987471
-0.978251
-0.966586
-0.952503
-0.93604
-0.917236
-0.896139
-0.872802
-0.847283
-0.819646
-0.78996
-0.758298
-0.724741
-0.689372
-0.65228
-0.613557
-0.5733
-0.53161
-0.488591
-0.44435
-0.398998
-0.352649
-0.305419
